## Logistic Regression
              precision    recall  f1-score   support

           A       0.89      0.89      0.89        70
           B       0.93      0.97      0.95        66
           C       0.86      0.89      0.88        63
           D       0.88      0.90      0.89        63
           E       0.84      0.79      0.81        66
           F       0.95      0.92      0.94        66
           G       0.89      0.91      0.90        64
           H       0.90      0.97      0.93        66
           I       0.63      0.60      0.61        62
           J       0.92      0.83      0.87        66
           K       0.86      0.82      0.84        67
           L       0.75      0.79      0.77        70
           M       0.89      0.93      0.91        67
           N       0.78      0.82      0.80        66
           O       0.90      0.85      0.87        53
           P       0.78      0.62      0.69        63
           Q       0.81      0.86      0.83        50
           R       0.71      0.65      0.68        62
           S       0.87      0.92      0.90        65
           T       0.89      0.73      0.80        67
           U       0.52      0.45      0.48        65
           V       0.58      0.71      0.64        63
           W       0.91      0.97      0.94        64
           X       0.86      0.87      0.86        62
           Y       0.70      0.79      0.74        71
           Z       0.67      0.70      0.68        60

    accuracy                           0.81      1667
   macro avg       0.81      0.81      0.81      1667
weighted avg       0.81      0.81      0.81      1667


## SVM
              precision    recall  f1-score   support

           A       0.96      0.97      0.96        70
           B       0.97      1.00      0.99        66
           C       0.97      0.92      0.94        63
           D       0.91      0.94      0.92        63
           E       0.94      0.95      0.95        66
           F       0.97      0.97      0.97        66
           G       0.87      0.95      0.91        64
           H       0.92      1.00      0.96        66
           I       0.86      0.89      0.87        62
           J       0.97      0.89      0.93        66
           K       0.97      0.90      0.93        67
           L       0.87      0.97      0.92        70
           M       0.89      1.00      0.94        67
           N       0.89      0.89      0.89        66
           O       0.87      0.91      0.89        53
           P       0.90      0.87      0.89        63
           Q       0.94      0.90      0.92        50
           R       0.81      0.76      0.78        62
           S       0.98      0.91      0.94        65
           T       0.95      0.85      0.90        67
           U       0.57      0.51      0.54        65
           V       0.65      0.71      0.68        63
           W       1.00      1.00      1.00        64
           X       0.84      0.87      0.86        62
           Y       0.94      0.96      0.95        71
           Z       0.87      0.77      0.81        60

    accuracy                           0.90      1667
   macro avg       0.90      0.89      0.89      1667
weighted avg       0.90      0.90      0.90      1667


## Random Forest
              precision    recall  f1-score   support

           A       0.93      0.91      0.92        70
           B       0.97      0.97      0.97        66
           C       0.93      0.87      0.90        63
           D       0.89      0.94      0.91        63
           E       0.92      0.91      0.92        66
           F       0.98      0.94      0.96        66
           G       0.84      0.95      0.89        64
           H       0.96      0.98      0.97        66
           I       0.83      0.79      0.81        62
           J       0.92      0.89      0.91        66
           K       0.89      0.84      0.86        67
           L       0.81      0.91      0.86        70
           M       0.86      0.93      0.89        67
           N       0.87      0.91      0.89        66
           O       0.89      0.92      0.91        53
           P       0.79      0.84      0.82        63
           Q       0.88      0.86      0.87        50
           R       0.82      0.81      0.81        62
           S       0.95      0.88      0.91        65
           T       0.85      0.76      0.80        67
           U       0.69      0.72      0.71        65
           V       0.80      0.70      0.75        63
           W       0.94      0.98      0.96        64
           X       0.86      0.89      0.87        62
           Y       0.82      0.94      0.88        71
           Z       0.86      0.63      0.73        60

    accuracy                           0.87      1667
   macro avg       0.88      0.87      0.87      1667
weighted avg       0.88      0.87      0.87      1667


## MLP
              precision    recall  f1-score   support

           A       0.93      0.96      0.94        70
           B       0.97      1.00      0.99        66
           C       0.94      0.95      0.94        63
           D       0.95      0.97      0.96        63
           E       0.86      0.91      0.88        66
           F       1.00      0.94      0.97        66
           G       0.89      0.86      0.87        64
           H       0.97      0.97      0.97        66
           I       0.82      0.90      0.86        62
           J       0.91      0.92      0.92        66
           K       0.95      0.85      0.90        67
           L       0.99      1.00      0.99        70
           M       0.85      0.99      0.91        67
           N       0.89      0.88      0.89        66
           O       0.93      0.81      0.87        53
           P       0.87      0.87      0.87        63
           Q       0.88      0.92      0.90        50
           R       0.89      0.77      0.83        62
           S       0.95      0.89      0.92        65
           T       0.90      0.84      0.87        67
           U       0.64      0.60      0.62        65
           V       0.71      0.83      0.76        63
           W       0.98      1.00      0.99        64
           X       0.84      0.87      0.86        62
           Y       0.96      0.93      0.94        71
           Z       0.82      0.82      0.82        60

    accuracy                           0.90      1667
   macro avg       0.90      0.89      0.89      1667
weighted avg       0.90      0.90      0.90      1667
